5
25
125
0625
03125
015625
0078125
00390625
001953125
0009765625
00048828125
000244140625
0001220703125
00006103515625
000030517578125
0000152587890625
00000762939453125
000003814697265625
0000019073486328125
00000095367431640625
000000476837158203125
0000002384185791015625
00000011920928955078125
000000059604644775390625
0000000298023223876953125
00000001490116119384765625
000000007450580596923828125
0000000037252902984619140625
00000000186264514923095703125
000000000931322574615478515625
0000000004656612873077392578125
00000000023283064365386962890625
000000000116415321826934814453125
0000000000582076609134674072265625
00000000002910383045673370361328125
000000000014551915228366851806640625
0000000000072759576141834259033203125
00000000000363797880709171295166015625
000000000001818989403545856475830078125
0000000000009094947017729282379150390625
00000000000045474735088646411895751953125
000000000000227373675443232059478759765625
0000000000001136868377216160297393798828125
00000000000005684341886080801486968994140625
000000000000028421709430404007434844970703125
0000000000000142108547152020037174224853515625
00000000000000710542735760100185871124267578125
000000000000003552713678800500929355621337890625
0000000000000017763568394002504646778106689453125
00000000000000088817841970012523233890533447265625
000000000000000444089209850062616169452667236328125
0000000000000002220446049250313080847263336181640625
00000000000000011102230246251565404236316680908203125
000000000000000055511151231257827021181583404541015625
0000000000000000277555756156289135105907917022705078125
00000000000000001387778780781445675529539585113525390625
000000000000000006938893903907228377647697925567626953125
0000000000000000034694469519536141888238489627838134765625
00000000000000000173472347597680709441192448139190673828125
000000000000000000867361737988403547205962240695953369140625
0000000000000000004336808689942017736029811203479766845703125
00000000000000000021684043449710088680149056017398834228515625
000000000000000000108420217248550443400745280086994171142578125
0000000000000000000542101086242752217003726400434970855712890625
